-3.374101594090461731e-02
-8.266023546457290649e-02
-1.092041656374931335e-02
-2.292600572109222412e-01
-1.435674726963043213e-01
-9.737449884414672852e-02
-1.304132044315338135e-01
-1.956772245466709137e-02
1.090868562459945679e-01
8.497843891382217407e-02
-8.710010349750518799e-02
-1.489977836608886719e-01
-1.356813311576843262e-01
-6.934675574302673340e-02
-1.636160463094711304e-01
-1.235741674900054932e-01
1.016087979078292847e-01
-3.708516433835029602e-02
-2.213953435420989990e-01
-3.555158525705337524e-02
-7.209369447082281113e-03
-1.464499235153198242e-01
-3.496237471699714661e-02
8.014954626560211182e-02
-2.028120905160903931e-01
-1.608786880970001221e-01
-9.551619738340377808e-02
1.042871386744081974e-03
-8.806633949279785156e-02
-1.145384460687637329e-02
-8.589936792850494385e-02
-1.756930723786354065e-02
-1.086130216717720032e-01
-3.770189359784126282e-02
-2.212247066199779510e-02
-9.794022887945175171e-02
4.868119210004806519e-02
-9.551600366830825806e-02
-1.555019021034240723e-01
1.249310895800590515e-01
-1.227297782897949219e-01
4.664651304483413696e-02
-8.801063895225524902e-02
9.357634931802749634e-02
3.282428532838821411e-02
-3.337314119562506676e-03
-8.635044097900390625e-02
-5.071984976530075073e-02
-1.243682280182838440e-01
-1.228183954954147339e-01
1.930759288370609283e-02
-8.867383748292922974e-02
-8.502453565597534180e-02
-5.715094879269599915e-02
-1.127049885690212250e-02
-1.609818339347839355e-01
1.898880116641521454e-02
-6.944277882575988770e-02
-1.316222697496414185e-01
-1.265918165445327759e-01
-1.083777248859405518e-01
6.911294162273406982e-02
-2.239489927887916565e-02
3.879432007670402527e-02
1.036316275596618652e+00
1.055349946022033691e+00
9.700353741645812988e-01
1.106151938438415527e+00
1.061697125434875488e+00
1.047080874443054199e+00
9.879781007766723633e-01
1.054041504859924316e+00
1.013695001602172852e+00
1.044429540634155273e+00
1.050854086875915527e+00
9.581786990165710449e-01
8.969610333442687988e-01
1.007385015487670898e+00
9.259302616119384766e-01
1.047511458396911621e+00
1.165924787521362305e+00
1.044662117958068848e+00
9.503722190856933594e-01
1.006174683570861816e+00
1.036334872245788574e+00
9.428296089172363281e-01
1.008631825447082520e+00
1.042535901069641113e+00
9.600257873535156250e-01
9.444765448570251465e-01
1.005683302879333496e+00
9.610107541084289551e-01
1.078972220420837402e+00
9.754624962806701660e-01
9.511919617652893066e-01
1.070922136306762695e+00
1.030451655387878418e+00
1.006086826324462891e+00
1.007645010948181152e+00
1.091739535331726074e+00
1.017087817192077637e+00
1.000594496726989746e+00
9.764130711555480957e-01
1.099824428558349609e+00
9.549670219421386719e-01
1.150868296623229980e+00
1.070280551910400391e+00
1.091520309448242188e+00
1.056645154953002930e+00
1.148093223571777344e+00
9.775927662849426270e-01
9.555835127830505371e-01
9.452793002128601074e-01
1.093793034553527832e+00
1.099841356277465820e+00
9.541102051734924316e-01
1.012148618698120117e+00
1.027092576026916504e+00
9.959849119186401367e-01
9.334865212440490723e-01
9.565588831901550293e-01
1.148437857627868652e+00
9.099799394607543945e-01
9.851211905479431152e-01
9.715483188629150391e-01
1.069806456565856934e+00
9.949549436569213867e-01
1.075523376464843750e+00
4.795999825000762939e-02
8.429317176342010498e-02
3.572383150458335876e-02
-4.085564985871315002e-02
-5.578530579805374146e-02
-4.875538870692253113e-02
1.800441369414329529e-02
1.695548929274082184e-02
-3.283302485942840576e-02
-1.223392859101295471e-01
9.091390669345855713e-02
-7.135547697544097900e-02
7.470268756151199341e-02
3.822350129485130310e-02
3.115660510957241058e-02
-7.668086886405944824e-02
-2.257391624152660370e-02
-3.494254499673843384e-02
-1.433994621038436890e-02
-1.172010898590087891e-01
-1.824189536273479462e-02
-2.214689739048480988e-02
-1.774433627724647522e-02
1.182825937867164612e-01
6.566883996129035950e-03
-1.473482139408588409e-02
5.086210370063781738e-02
8.032234758138656616e-02
3.147657588124275208e-02
6.806034594774246216e-02
-5.798960477113723755e-02
-7.076861709356307983e-02
3.923367336392402649e-02
2.509219199419021606e-02
1.410797517746686935e-02
-5.775200203061103821e-02
4.872292280197143555e-02
-1.927988789975643158e-02
2.760301344096660614e-02
-8.270619064569473267e-02
-9.226936963386833668e-04
-5.657522007822990417e-02
-1.125140935182571411e-01
-1.609902083873748779e-01
-7.826114073395729065e-03
-7.786618918180465698e-02
-4.826918244361877441e-02
-6.381278485059738159e-02
-3.787260502576828003e-02
8.843472599983215332e-02
-1.140366718173027039e-01
6.973739713430404663e-02
-2.817902714014053345e-02
-2.989690192043781281e-02
3.071440011262893677e-02
-2.433312870562076569e-02
7.882125675678253174e-03
-1.933038979768753052e-02
-4.008766636252403259e-02
-6.681470572948455811e-02
1.030845120549201965e-01
-5.488046631217002869e-02
1.757947169244289398e-02
1.485369820147752762e-02
2.493095099925994873e-01
3.105139359831809998e-02
6.726871430873870850e-02
2.055506408214569092e-01
-7.567241787910461426e-02
-5.135145783424377441e-02
4.071007296442985535e-02
5.573734641075134277e-02
3.611488640308380127e-02
1.579696834087371826e-01
-3.946365322917699814e-03
8.103898726403713226e-03
-9.421613812446594238e-02
-1.274849940091371536e-02
-7.528755068778991699e-02
3.948416188359260559e-02
2.061315774917602539e-01
-2.208963222801685333e-02
-1.393815577030181885e-01
-5.719262734055519104e-02
5.601721256971359253e-02
-5.088460817933082581e-02
-1.140735018998384476e-02
1.772791892290115356e-01
-1.364418119192123413e-01
-7.812815904617309570e-02
5.135730281472206116e-02
-6.126763299107551575e-02
-7.044535875320434570e-02
-9.981982409954071045e-03
-5.003881826996803284e-02
1.848309785127639771e-01
5.540042743086814880e-02
-5.920116603374481201e-02
-4.170028120279312134e-02
-1.641327142715454102e-01
8.503261953592300415e-02
-6.239897012710571289e-02
-3.652370534837245941e-03
2.468370832502841949e-02
-2.765773795545101166e-02
1.893540769815444946e-01
7.947038114070892334e-02
1.028240695595741272e-01
1.561745163053274155e-02
6.888471543788909912e-02
-1.006455048918724060e-01
3.495883895084261894e-03
-1.774544268846511841e-01
7.358057051897048950e-02
2.805225253105163574e-01
-4.396833851933479309e-02
6.410884857177734375e-02
-3.179961815476417542e-02
1.142408791929483414e-02
1.265036873519420624e-02
1.669438183307647705e-02
-7.262350060045719147e-03
-7.054106146097183228e-02
-8.267369121313095093e-02
-2.882287139073014259e-03
1.231641508638858795e-02
-1.769741065800189972e-02
4.561597481369972229e-02
