-4.058047235012054443e-01 3.665517866611480713e-01 -2.403481602668762207e-01 -1.961811780929565430e-01 -1.456371247768402100e-01 3.273459076881408691e-01 5.669226869940757751e-03 2.266756743192672729e-01 -6.256883740425109863e-01 4.472783803939819336e-01 -1.062011837959289551e+00 2.241450399160385132e-01 -2.574684619903564453e-01 1.327142268419265747e-01 -3.999939262866973877e-01 5.703307688236236572e-02
6.958118081092834473e-01 -2.168953716754913330e-01 1.948959678411483765e-01 -3.483792543411254883e-01 1.065614372491836548e-01 1.451470404863357544e-01 -1.320156157016754150e-01 1.865556985139846802e-01 9.201002717018127441e-01 -9.090132117271423340e-01 6.435120701789855957e-01 1.215132549405097961e-01 -8.531138300895690918e-02 -4.251757264137268066e-02 4.302928447723388672e-01 -2.432771958410739899e-02
1.481630653142929077e-01 -9.939108043909072876e-02 -1.140415966510772705e-01 -6.818909943103790283e-02 -1.913445293903350830e-01 -2.826516330242156982e-02 -1.132166609168052673e-01 3.578110039234161377e-02 -1.151797249913215637e-01 -1.146254166960716248e-01 1.772314310073852539e-03 -4.378855228424072266e-04 1.319922506809234619e-02 -4.110537469387054443e-02 8.796863257884979248e-02 7.963211834430694580e-02
-9.302653372287750244e-03 3.020133376121520996e-01 -1.431255191564559937e-01 3.047640994191169739e-02 8.710002899169921875e-02 -7.542238384485244751e-02 -1.099536642432212830e-01 -3.515331074595451355e-02 5.595432128757238388e-03 2.724468111991882324e-01 -2.542616426944732666e-01 2.972441017627716064e-01 -2.504124343395233154e-01 -2.062974870204925537e-01 7.033612579107284546e-02 5.061065778136253357e-02
1.066752195358276367e+00 -1.674362540245056152e+00 6.627438664436340332e-01 -1.114435076713562012e+00 7.498095184564590454e-02 3.378062248229980469e-01 -2.581288106739521027e-02 4.722413122653961182e-01 1.545395255088806152e+00 -1.283567070960998535e+00 1.274304986000061035e+00 -1.528857231140136719e+00 -6.542372703552246094e-02 8.755588531494140625e-02 1.555488228797912598e+00 1.274212449789047241e-01
-3.166101574897766113e-01 1.451489049941301346e-02 8.060406148433685303e-02 -1.173925250768661499e-01 1.846568435430526733e-01 1.200542822480201721e-01 -1.925028860569000244e-01 2.663003653287887573e-02 1.081198453903198242e-01 -2.476934902369976044e-02 -4.197639226913452148e-02 1.021499633789062500e-01 -2.186137437820434570e-02 8.088055253028869629e-02 -4.958020523190498352e-02 -1.313113272190093994e-01
-5.202621221542358398e-03 1.159587055444717407e-01 1.031864732503890991e-01 1.651140600442886353e-01 -1.136938557028770447e-01 -5.786938965320587158e-02 5.095261335372924805e-02 -1.070693582296371460e-01 1.146921515464782715e-02 -1.597930490970611572e-01 1.170534044504165649e-01 1.352639943361282349e-01 -1.168290674686431885e-01 1.579044610261917114e-01 -1.953910738229751587e-01 1.948808580636978149e-01
2.058413475751876831e-01 2.509610056877136230e-01 1.213684771209955215e-02 -4.270685911178588867e-01 3.132681176066398621e-02 -1.293972283601760864e-01 -2.254343330860137939e-01 1.754380948841571808e-02 4.860361665487289429e-02 -2.013915032148361206e-01 3.223097622394561768e-01 3.423886299133300781e-01 -3.507496416568756104e-02 -1.388691216707229614e-01 1.817022264003753662e-01 -2.271453104913234711e-02
1.221094653010368347e-01 -1.840535849332809448e-01 4.618127048015594482e-01 -2.420612126588821411e-01 1.205924227833747864e-01 -6.288037896156311035e-01 6.848257780075073242e-01 -6.118297576904296875e-02 2.302215844392776489e-01 -1.634878367185592651e-01 5.607516691088676453e-02 -5.301461219787597656e-01 2.587534189224243164e-01 -7.243704795837402344e-02 -9.911930561065673828e-02 -5.084528774023056030e-02
-6.428079605102539062e-01 7.344641089439392090e-01 -1.055269464850425720e-01 2.301864326000213623e-01 2.314987778663635254e-02 -1.710604876279830933e-01 2.538203001022338867e-01 -1.886609345674514771e-01 -9.334692955017089844e-01 6.433635354042053223e-01 -1.054036617279052734e+00 3.913036584854125977e-01 -2.456419318914413452e-01 1.732060760259628296e-01 -4.561113119125366211e-01 -1.258296221494674683e-01
3.574902936816215515e-02 7.325904071331024170e-02 1.998102962970733643e-01 -1.993956789374351501e-02 -1.597027629613876343e-01 2.207607626914978027e-01 1.589114516973495483e-01 5.145840346813201904e-02 1.173898503184318542e-01 -5.708403140306472778e-02 -1.619544476270675659e-01 1.328061074018478394e-01 -1.931318193674087524e-01 -9.027683734893798828e-02 1.650083363056182861e-01 1.819052696228027344e-01
-3.152258992195129395e-01 1.032106056809425354e-01 -4.263982772827148438e-01 1.340461522340774536e-01 -6.596326828002929688e-03 2.621192932128906250e-01 -2.188676893711090088e-01 2.200251221656799316e-01 -1.212646737694740295e-01 1.039388701319694519e-01 -2.370907664299011230e-01 5.418606400489807129e-01 3.136264905333518982e-02 1.026313230395317078e-01 4.966836050152778625e-02 7.430738210678100586e-02
-3.722542151808738708e-02 -3.781148493289947510e-01 -1.455682218074798584e-01 3.056250512599945068e-01 -1.170059517025947571e-01 1.601185798645019531e-01 -2.679648399353027344e-01 -2.085391730070114136e-01 2.184818536043167114e-01 1.062619462609291077e-01 -7.167275249958038330e-02 -1.974443048238754272e-01 5.142841860651969910e-02 -1.850508153438568115e-01 1.010066568851470947e-01 -1.691524535417556763e-01
-4.543169736862182617e-01 2.860181331634521484e-01 -2.340204566717147827e-01 4.900647103786468506e-01 -7.648889720439910889e-02 5.657668709754943848e-01 -5.465060472488403320e-01 -2.443152964115142822e-01 -3.500711917877197266e-01 3.859476745128631592e-01 -3.054605126380920410e-01 5.285198688507080078e-01 -2.471053600311279297e-01 1.058925166726112366e-01 -3.088358640670776367e-01 -6.796267628669738770e-02
9.985151886940002441e-01 -8.310647010803222656e-01 1.243788719177246094e+00 -1.067529320716857910e+00 1.186341345310211182e-01 8.434986323118209839e-02 2.710365355014801025e-01 3.146175742149353027e-01 8.658800721168518066e-01 -1.215276241302490234e+00 5.479466915130615234e-01 -1.966675668954849243e-01 -5.478648841381072998e-02 -3.892555832862854004e-02 1.444132566452026367e+00 1.726677119731903076e-01
5.982213020324707031e-01 -2.937782108783721924e-01 9.348275065422058105e-01 -5.582863688468933105e-01 4.943457245826721191e-02 -7.883559465408325195e-01 1.419754147529602051e+00 2.757206559181213379e-01 2.787042260169982910e-01 -7.035612463951110840e-01 5.523541569709777832e-01 -8.329029679298400879e-01 1.521449089050292969e-01 -6.281557679176330566e-02 5.926291346549987793e-01 -1.052901744842529297e-01
4.092094302177429199e-01 -1.863428056240081787e-01 4.149750620126724243e-02 3.333644270896911621e-01 -7.317609153687953949e-03 2.259678691625595093e-01 -1.594576090574264526e-01 -8.223291486501693726e-02 2.877845764160156250e-01 -4.555563628673553467e-01 3.822858333587646484e-01 -4.143688082695007324e-02 -2.403411716222763062e-01 9.377197176218032837e-02 2.146479040384292603e-01 1.523876190185546875e-01
-1.336901426315307617e+00 1.309876680374145508e+00 -3.695132583379745483e-02 2.097311913967132568e-01 -1.283156573772430420e-01 8.274569511413574219e-01 -2.234760075807571411e-01 -2.476658970117568970e-01 -1.168101191520690918e+00 1.712098240852355957e+00 -1.312197327613830566e+00 1.111173033714294434e+00 -3.040754497051239014e-01 2.489676326513290405e-01 -1.339306354522705078e+00 1.797599643468856812e-01
3.510493785142898560e-02 -1.528107523918151855e-01 -3.544540703296661377e-01 3.398976624011993408e-01 -2.998077683150768280e-02 4.426575079560279846e-02 -7.570351362228393555e-01 -7.427851110696792603e-02 8.829914778470993042e-02 3.486620634794235229e-02 2.579937502741813660e-02 1.535703241825103760e-01 -1.495254635810852051e-01 1.180566698312759399e-01 2.512001693248748779e-01 -1.673124879598617554e-01
7.299184203147888184e-01 -1.236697077751159668e+00 3.907238841056823730e-01 -3.687323331832885742e-01 -6.553193926811218262e-02 7.032413035631179810e-02 -5.455350875854492188e-02 2.517770528793334961e-01 5.679162740707397461e-01 -8.812606334686279297e-01 6.775546073913574219e-01 -4.080190062522888184e-01 1.403070539236068726e-01 -1.313844472169876099e-01 6.226797103881835938e-01 -5.291640758514404297e-03
-2.252915352582931519e-01 3.477717339992523193e-01 3.959959149360656738e-01 -4.241299033164978027e-01 5.004304647445678711e-02 -5.336419492959976196e-02 -2.377377301454544067e-01 -2.892961502075195312e-01 -3.323417901992797852e-01 6.490863114595413208e-02 -1.615993976593017578e-01 9.682018309831619263e-02 4.029507562518119812e-02 7.940237224102020264e-02 1.549295242875814438e-02 1.760405749082565308e-01
-1.444833278656005859e-01 -7.505497336387634277e-02 -2.632943093776702881e-01 4.695665836334228516e-01 8.749852329492568970e-02 5.573521852493286133e-01 -7.208691835403442383e-01 -3.227303624153137207e-01 -9.341418743133544922e-03 3.762454390525817871e-01 -1.867416054010391235e-01 5.012249946594238281e-01 -2.309146523475646973e-01 -5.889999121427536011e-02 6.660514324903488159e-02 -5.629665777087211609e-02
4.356549307703971863e-02 -2.688409090042114258e-01 -5.936585366725921631e-02 1.060367152094841003e-01 3.832283988595008850e-02 3.795242309570312500e-01 -3.592296242713928223e-01 -1.278982404619455338e-02 1.290027797222137451e-02 6.246846169233322144e-02 5.496315956115722656e-01 1.156514734029769897e-01 1.926568709313869476e-02 -7.253574579954147339e-02 1.386651396751403809e-01 9.234485775232315063e-02
-4.931972920894622803e-01 1.193800047039985657e-01 -4.020476043224334717e-01 3.647693991661071777e-01 -7.885307073593139648e-02 3.980141878128051758e-01 -2.378081083297729492e-01 -3.257459402084350586e-02 -3.794459104537963867e-01 3.938326537609100342e-01 -2.424995005130767822e-01 1.130776926875114441e-01 1.961843371391296387e-01 1.385265439748764038e-01 -5.673183798789978027e-01 -2.495822124183177948e-02
3.476380109786987305e-01 -2.097768038511276245e-01 2.729811370372772217e-01 -4.020933806896209717e-01 -1.545301079750061035e-01 -4.555503427982330322e-01 4.742992222309112549e-01 -6.105629727244377136e-04 -1.289093494415283203e-01 -2.487980872392654419e-01 3.308961987495422363e-01 -4.111728966236114502e-01 -8.321325480937957764e-02 -3.031507134437561035e-02 1.540260761976242065e-01 1.966178566217422485e-01
-6.235128641128540039e-01 3.432692885398864746e-01 -7.570455670356750488e-01 8.451903462409973145e-01 1.592939645051956177e-01 8.200173974037170410e-01 -1.123463749885559082e+00 -3.708788156509399414e-01 -6.663369536399841309e-01 7.440656423568725586e-01 -4.302327334880828857e-01 8.842670321464538574e-01 -2.755546867847442627e-01 2.001577615737915039e-01 -4.454632401466369629e-01 -1.123417615890502930e-01
1.241021990776062012e+00 -9.879053831100463867e-01 1.014061450958251953e+00 -1.123508453369140625e+00 4.226037859916687012e-02 7.937913760542869568e-03 3.988502025604248047e-01 1.213098168373107910e-01 2.106485366821289062e+00 -1.046471595764160156e+00 2.022348403930664062e+00 -8.852211833000183105e-01 2.519504353404045105e-02 -2.227154225111007690e-01 2.048535108566284180e+00 -3.263314813375473022e-02
-5.187517404556274414e-02 2.809770405292510986e-02 -9.977562725543975830e-02 -5.074940621852874756e-02 2.373379468917846680e-02 6.502853333950042725e-02 3.130780160427093506e-02 1.015666574239730835e-01 6.964044272899627686e-02 1.417951732873916626e-01 1.506233215332031250e-02 1.756299287080764771e-01 -1.662819832563400269e-01 1.855605393648147583e-01 1.858835369348526001e-01 5.066120624542236328e-02
-1.047042682766914368e-01 9.963048994541168213e-02 1.187137365341186523e-01 -1.711005121469497681e-01 7.128332555294036865e-02 9.974487125873565674e-02 1.828066855669021606e-01 6.138356029987335205e-02 -8.952737599611282349e-02 9.674400091171264648e-03 4.525477439165115356e-02 -1.795618981122970581e-01 1.386836916208267212e-01 -1.885479092597961426e-01 -4.025158658623695374e-02 -7.057957351207733154e-02
1.278693377971649170e-01 -3.316345438361167908e-02 1.526779234409332275e-01 5.064885690808296204e-02 -2.121603302657604218e-02 7.446082681417465210e-02 -2.601447701454162598e-01 1.823261529207229614e-01 1.752622872591018677e-01 -8.425573259592056274e-02 -2.208266779780387878e-02 1.710264533758163452e-01 -1.974656730890274048e-01 -1.600296944379806519e-01 -2.566610649228096008e-02 -1.065081059932708740e-01
4.052795469760894775e-01 -2.062839716672897339e-01 -1.634780615568161011e-01 2.415425330400466919e-01 -1.482455879449844360e-01 -2.812076807022094727e-01 2.636925876140594482e-01 2.130217701196670532e-01 4.059143066406250000e-01 -4.915033876895904541e-01 6.568105220794677734e-01 1.906182151287794113e-03 1.439055502414703369e-01 -7.345743477344512939e-02 8.105707168579101562e-02 5.274081975221633911e-02
3.144870698451995850e-02 -3.187813237309455872e-02 -6.931074708700180054e-02 1.073800623416900635e-01 -8.131185919046401978e-02 1.685044467449188232e-01 -3.419732153415679932e-01 8.752092719078063965e-02 1.418110430240631104e-01 8.792947977781295776e-02 -6.872604135423898697e-03 1.182492673397064209e-01 3.825510293245315552e-02 1.009614691138267517e-01 7.683695852756500244e-02 -1.892730593681335449e-01
-8.819784969091415405e-02 3.714009225368499756e-01 -1.614379137754440308e-01 3.664994537830352783e-01 -1.396510154008865356e-01 3.773146867752075195e-01 -2.145628631114959717e-01 6.205390766263008118e-02 -3.195887506008148193e-01 1.810241639614105225e-01 -3.973398506641387939e-01 4.851902723312377930e-01 8.315888792276382446e-02 1.168708875775337219e-01 -4.038969054818153381e-02 -1.238281652331352234e-01
5.867833495140075684e-01 -5.943828821182250977e-01 7.447369098663330078e-01 -5.964900255203247070e-01 -1.364301145076751709e-01 -2.800628244876861572e-01 5.123417973518371582e-01 3.081195354461669922e-01 7.932315468788146973e-01 -7.285225987434387207e-01 6.745079159736633301e-01 -5.917407274246215820e-01 1.289562135934829712e-01 7.882351428270339966e-02 8.008705377578735352e-01 1.500356048345565796e-01
-2.267008721828460693e-01 2.760799527168273926e-01 -3.079650998115539551e-01 1.592609733343124390e-01 -9.216497838497161865e-02 3.945325314998626709e-01 -4.002921879291534424e-01 -2.341417074203491211e-01 -1.181168556213378906e-01 2.833967804908752441e-01 -6.084663048386573792e-02 5.065993070602416992e-01 -1.120006591081619263e-01 -1.625122129917144775e-01 -1.960913985967636108e-01 -1.102129593491554260e-01
6.021622419357299805e-01 -1.879833191633224487e-01 3.969591557979583740e-01 -4.687580168247222900e-01 1.761490553617477417e-01 -3.125697672367095947e-01 2.518153190612792969e-01 -1.290553957223892212e-01 2.261994332075119019e-01 -5.718212723731994629e-01 2.931111752986907959e-01 -5.694821476936340332e-01 -8.155521750450134277e-02 -1.033679246902465820e-01 3.716595172882080078e-01 -7.597464323043823242e-02
-4.511163234710693359e-01 3.235711157321929932e-01 1.643010377883911133e-01 -5.447213351726531982e-02 -9.969503432512283325e-02 5.332800149917602539e-01 -2.375302463769912720e-01 1.019562184810638428e-01 -1.871086210012435913e-01 4.457803964614868164e-01 1.215935796499252319e-01 1.736935526132583618e-01 2.032753825187683105e-01 -3.375527635216712952e-02 -3.265262246131896973e-01 1.831815764307975769e-02
4.775619804859161377e-01 -4.805473089218139648e-01 4.703120291233062744e-01 -5.589010119438171387e-01 -9.025923907756805420e-02 -3.029685616493225098e-01 2.503027915954589844e-01 3.070737421512603760e-01 5.776009559631347656e-01 -9.999271631240844727e-01 3.935431838035583496e-01 -7.273350358009338379e-01 -6.068386510014533997e-02 -2.025559730827808380e-02 6.882007122039794922e-01 -7.538154721260070801e-02
-3.301946520805358887e-01 -1.627352088689804077e-01 -5.242441892623901367e-01 3.225123286247253418e-01 -2.022029012441635132e-01 5.964062809944152832e-01 -6.572789549827575684e-01 -1.932363957166671753e-01 -2.597105503082275391e-02 2.863883972167968750e-01 -2.231290787458419800e-01 4.795679152011871338e-01 6.717912852764129639e-02 -1.266493350267410278e-01 -6.914981454610824585e-02 -1.291069686412811279e-01
-7.026225328445434570e-02 1.647274643182754517e-01 7.675419747829437256e-02 1.402596980333328247e-01 8.626316487789154053e-02 5.472914874553680420e-02 1.007203012704849243e-01 1.480967551469802856e-01 8.539138734340667725e-02 1.045878976583480835e-01 -3.352954983711242676e-02 7.269884645938873291e-02 -1.185918599367141724e-01 1.372846513986587524e-01 1.964496821165084839e-01 -1.925117522478103638e-01
-1.393162608146667480e-01 -9.769894927740097046e-02 -2.785768210887908936e-01 5.885925292968750000e-01 -1.407928019762039185e-01 5.615994930267333984e-01 -7.643290758132934570e-01 1.066951826214790344e-01 5.561365932226181030e-02 4.631541967391967773e-01 -1.286211758852005005e-01 3.492687940597534180e-01 5.914493650197982788e-02 -5.479661002755165100e-02 -1.881725788116455078e-01 9.935564547777175903e-02
-2.615707516670227051e-01 -1.414805352687835693e-01 -1.642622351646423340e-01 2.681990563869476318e-01 -6.168954819440841675e-02 5.260701179504394531e-01 -2.131482660770416260e-01 -2.015227526426315308e-01 -3.561388850212097168e-01 3.867405056953430176e-01 -1.588920503854751587e-01 6.443995833396911621e-01 1.460142340511083603e-02 1.209505125880241394e-01 -3.662720620632171631e-01 -1.115364655852317810e-01
-1.248411536216735840e-01 2.926549017429351807e-01 1.235605329275131226e-01 1.876443922519683838e-01 1.149387210607528687e-01 3.752427399158477783e-01 -3.968028724193572998e-02 7.688824553042650223e-03 -6.155700609087944031e-02 1.460666805505752563e-01 -4.821600615978240967e-01 3.721164464950561523e-01 1.021327376365661621e-01 9.178920648992061615e-03 -3.100181221961975098e-01 -1.142625212669372559e-01
-2.831894904375076294e-03 9.420081973075866699e-03 1.191712617874145508e-01 3.958517685532569885e-03 -1.863773167133331299e-01 7.526035420596599579e-03 5.604150146245956421e-02 -1.726743578910827637e-02 1.618280112743377686e-01 1.428031623363494873e-01 -4.876479879021644592e-02 -1.348067373037338257e-01 -1.889484226703643799e-01 6.104974448680877686e-02 1.140672862529754639e-01 1.760224252939224243e-01
3.500264585018157959e-01 -2.165846675634384155e-01 4.698086380958557129e-01 -6.434943675994873047e-01 -7.972735166549682617e-02 -7.772672176361083984e-01 1.618285655975341797e+00 -9.885035455226898193e-02 6.616592407226562500e-01 -6.531499624252319336e-01 4.422798156738281250e-01 -6.479633450508117676e-01 -1.520407199859619141e-01 1.288485527038574219e-01 6.437461972236633301e-01 1.809472739696502686e-01
7.300601005554199219e-01 -8.145221471786499023e-01 2.884784899652004242e-02 -6.325753033161163330e-02 -1.769967377185821533e-01 -3.394764065742492676e-01 2.045680284500122070e-01 -1.061033383011817932e-01 2.654323279857635498e-01 -6.805065274238586426e-01 1.797685474157333374e-01 -3.670170307159423828e-01 1.212626136839389801e-02 1.883507221937179565e-01 6.488403677940368652e-01 -1.942367553710937500e-01
-1.258868575096130371e+00 5.161621570587158203e-01 1.702459901571273804e-02 2.124621905386447906e-02 -1.104878038167953491e-01 1.220137000083923340e+00 -2.822166979312896729e-01 -1.742109060287475586e-01 -6.408749222755432129e-01 4.125898480415344238e-01 -2.223288416862487793e-01 8.132249116897583008e-01 -2.290607839822769165e-01 2.622425556182861328e-01 -6.676170229911804199e-01 -5.702758580446243286e-02
-1.633227467536926270e-01 2.133409380912780762e-01 -6.855552643537521362e-02 3.515599668025970459e-02 -2.087463065981864929e-02 -1.086024641990661621e-01 -1.864118129014968872e-01 1.337640136480331421e-01 -2.384926527738571167e-01 -1.070151031017303467e-01 -2.223413884639739990e-01 4.276668652892112732e-02 -1.376141905784606934e-01 1.421326100826263428e-01 -1.356919854879379272e-02 1.557639241218566895e-01
-3.746068179607391357e-01 3.735024034976959229e-01 3.608641028404235840e-01 -6.308586597442626953e-01 1.685827970504760742e-02 9.866563677787780762e-01 -1.116362959146499634e-02 -8.269150853157043457e-01 -5.831730365753173828e-02 6.315286159515380859e-01 3.550998568534851074e-01 1.097810626029968262e+00 6.743570417165756226e-02 2.603718340396881104e-01 1.879884600639343262e-01 -1.242627426981925964e-01
1.136063337326049805e+00 -1.386652708053588867e+00 4.966291487216949463e-01 -9.930724501609802246e-01 8.578228950500488281e-02 -8.686525821685791016e-01 9.967724084854125977e-01 2.037244886159896851e-01 6.288048624992370605e-01 -1.509362578392028809e+00 6.580303311347961426e-01 -1.205284714698791504e+00 1.595127135515213013e-01 -1.807451546192169189e-01 1.040760874748229980e+00 6.117635965347290039e-02
-7.776477932929992676e-02 2.915920317173004150e-02 1.377432048320770264e-02 1.006434708833694458e-01 -1.619225293397903442e-01 4.775957763195037842e-02 6.299452483654022217e-02 -1.840526908636093140e-01 -1.681186258792877197e-01 1.254447847604751587e-01 1.224426925182342529e-02 3.290306031703948975e-02 -1.422672867774963379e-01 -5.458070337772369385e-02 1.481357365846633911e-01 7.396845519542694092e-02
-3.303666710853576660e-01 4.340991973876953125e-01 -3.026810009032487869e-03 4.850175604224205017e-02 4.596131294965744019e-02 1.798245608806610107e-01 9.189172834157943726e-02 -5.130992457270622253e-02 -8.720687031745910645e-02 5.238553881645202637e-01 -2.009364776313304901e-02 3.553680181503295898e-01 1.582326889038085938e-01 -6.194340437650680542e-02 -5.118727684020996094e-01 -1.619784235954284668e-01
-5.295750126242637634e-02 -2.464391663670539856e-02 -3.799811750650405884e-02 -6.899507343769073486e-02 1.301981657743453979e-01 1.456619948148727417e-01 8.539693057537078857e-02 1.327918022871017456e-01 4.331367090344429016e-02 2.263107709586620331e-02 6.710748374462127686e-02 9.423700720071792603e-02 -9.392127394676208496e-03 -1.833353787660598755e-01 1.942461580038070679e-01 -1.667652875185012817e-01
-3.823665678501129150e-01 5.429434180259704590e-01 -1.669221520423889160e-01 2.379635274410247803e-01 -1.616716384887695312e-02 3.486901223659515381e-01 -6.525411009788513184e-01 -1.578951478004455566e-01 -7.669618725776672363e-01 4.890413582324981689e-01 -4.878390729427337646e-01 4.221724271774291992e-01 -4.054136574268341064e-01 4.021089971065521240e-01 -4.242358803749084473e-01 -1.210442110896110535e-01
-5.235162973403930664e-01 1.286618411540985107e-01 -1.822057366371154785e-01 -1.844872385263442993e-01 -1.499735005199909210e-02 2.578729093074798584e-01 -1.743383705615997314e-01 -3.196156919002532959e-01 -3.947015702724456787e-01 1.321449428796768188e-01 -5.734036564826965332e-01 2.063155025243759155e-01 -1.807520389556884766e-01 1.901502758264541626e-01 -2.083397209644317627e-01 -1.025578081607818604e-01
5.324931070208549500e-02 1.449915673583745956e-02 -1.873684674501419067e-01 -1.235562488436698914e-01 -1.894489675760269165e-01 -7.870519906282424927e-02 -1.941540241241455078e-01 1.749159544706344604e-01 -1.201341897249221802e-01 -1.636077836155891418e-02 9.916198253631591797e-02 -1.477590650320053101e-01 -4.851511120796203613e-02 -1.178357079625129700e-01 -8.513178676366806030e-02 7.533024251461029053e-02
1.546618342399597168e-01 -2.648901343345642090e-01 1.458902359008789062e-01 5.378357321023941040e-02 -6.025518476963043213e-02 -2.348557263612747192e-01 1.921932250261306763e-01 -1.374106705188751221e-01 -1.391925364732742310e-01 4.584449902176856995e-02 -1.109004542231559753e-01 -2.694711387157440186e-01 1.564883887767791748e-01 2.069003134965896606e-01 -1.894367337226867676e-01 -3.644080460071563721e-02
3.387090265750885010e-01 -3.987499177455902100e-01 3.869317770004272461e-01 -2.129089534282684326e-01 -1.160169243812561035e-01 -6.241472810506820679e-02 -1.120688766241073608e-01 -1.703532636165618896e-01 6.381040215492248535e-01 -5.976002812385559082e-01 1.045889139175415039e+00 -3.410462439060211182e-01 -1.041535101830959320e-02 -7.553987950086593628e-02 5.396797657012939453e-01 -3.540694713592529297e-03
-4.961855709552764893e-02 4.641115665435791016e-02 -2.987130545079708099e-02 1.991222351789474487e-01 -1.709127575159072876e-01 -1.965827196836471558e-01 -3.880951702594757080e-01 2.050966024398803711e-01 -9.156483411788940430e-02 3.546519577503204346e-01 8.869109302759170532e-02 2.080326974391937256e-01 1.727945506572723389e-01 -1.225729361176490784e-01 -1.175761818885803223e-01 -6.070649251341819763e-02
1.256925016641616821e-01 -3.005483560264110565e-02 1.171709895133972168e-01 8.516179770231246948e-02 9.029895067214965820e-03 -1.017264202237129211e-01 -6.088508665561676025e-02 -7.801147550344467163e-02 6.665265560150146484e-02 9.549527615308761597e-02 1.486376971006393433e-01 3.474886715412139893e-02 1.038074940443038940e-01 7.987071573734283447e-02 -5.923425406217575073e-02 -1.857368946075439453e-01
-1.384759042412042618e-02 1.357768923044204712e-01 4.606783762574195862e-02 -1.311233639717102051e-01 1.227135956287384033e-02 1.860369890928268433e-01 7.771095260977745056e-03 3.712144494056701660e-02 -3.383070696145296097e-03 2.269752509891986847e-02 3.429231001064181328e-03 -5.398504808545112610e-02 -1.766130179166793823e-01 1.985146850347518921e-01 6.100038066506385803e-02 3.193289041519165039e-02
1.166125461459159851e-01 -3.234286010265350342e-01 -4.606175720691680908e-01 8.452680110931396484e-01 1.686418354511260986e-01 5.082002282142639160e-01 -4.148344397544860840e-01 3.194555044174194336e-01 1.145642027258872986e-01 9.373053908348083496e-02 8.697819709777832031e-02 6.858028471469879150e-02 4.888159409165382385e-02 -8.484267443418502808e-02 -2.102334201335906982e-01 -3.494024276733398438e-03
-1.762694716453552246e-01 -9.281302243471145630e-02 1.818572580814361572e-01 -1.858631074428558350e-01 -7.591132819652557373e-02 2.995557487010955811e-01 3.585998713970184326e-02 -1.668102443218231201e-01 3.657207638025283813e-02 1.682103276252746582e-01 -1.211247220635414124e-01 -1.464459747076034546e-01 -3.926220163702964783e-02 1.079566180706024170e-01 -5.216498672962188721e-02 4.574023187160491943e-02
4.167557060718536377e-01 -2.406017668545246124e-02 2.167348563671112061e-01 -5.219503045082092285e-01 -1.547835320234298706e-01 -4.171928465366363525e-01 2.962116301059722900e-01 5.930125340819358826e-02 1.500124931335449219e-01 -6.320890784263610840e-02 3.729299604892730713e-01 -1.077447459101676941e-02 1.194710060954093933e-01 -1.065534353256225586e-01 1.449656635522842407e-01 -3.885464370250701904e-02
1.688590943813323975e-01 -4.463785514235496521e-02 2.342232167720794678e-01 -3.096415102481842041e-01 -4.738101363182067871e-02 -2.789119780063629150e-01 6.078423857688903809e-01 2.027612477540969849e-01 1.368838399648666382e-01 -3.842205107212066650e-01 8.919388800859451294e-02 -2.147714495658874512e-01 8.740772306919097900e-02 -7.099561393260955811e-02 3.851382434368133545e-01 -6.668017804622650146e-02
2.288031280040740967e-01 2.111223638057708740e-01 -1.680691353976726532e-02 -3.409920334815979004e-01 1.795752495527267456e-01 8.844221383333206177e-02 -2.284806668758392334e-01 -4.274492338299751282e-02 2.197155058383941650e-01 9.149062633514404297e-02 9.878879413008689880e-03 4.043328166007995605e-01 -1.611355096101760864e-01 -1.053959652781486511e-01 2.328228205442428589e-01 -2.019496560096740723e-01
-5.063173547387123108e-02 2.877010107040405273e-01 -4.375837147235870361e-01 7.681471854448318481e-02 3.436033055186271667e-02 1.096717491745948792e-01 -6.922718882560729980e-01 6.240777671337127686e-02 -2.089128643274307251e-01 9.398046135902404785e-02 -1.726330630481243134e-02 2.804124951362609863e-01 3.417445719242095947e-02 -7.833229005336761475e-02 5.057862028479576111e-02 -2.989944070577621460e-02
2.009765207767486572e-01 1.728692054748535156e-01 4.466601610183715820e-01 -1.526971012353897095e-01 6.983245909214019775e-02 -6.202529072761535645e-01 9.454777836799621582e-01 3.889061510562896729e-02 9.434600174427032471e-02 -5.746504664421081543e-01 2.657449804246425629e-02 -5.581119060516357422e-01 1.640580594539642334e-01 -1.427173912525177002e-01 1.957428269088268280e-02 -1.456181257963180542e-01
-7.759994361549615860e-03 -2.854920625686645508e-01 1.388246715068817139e-01 4.102610647678375244e-01 1.067102476954460144e-01 8.632965385913848877e-02 7.953184843063354492e-02 -3.800228834152221680e-01 -1.858597546815872192e-01 1.014028489589691162e-01 -3.362650573253631592e-01 -4.953154921531677246e-01 -1.382240802049636841e-01 -4.033511132001876831e-02 -3.973282277584075928e-01 2.083667963743209839e-01
-1.073500365018844604e-01 -2.559540867805480957e-01 3.124997019767761230e-02 3.981255292892456055e-01 9.051233530044555664e-02 -9.296713024377822876e-02 2.569631338119506836e-01 -3.421494960784912109e-01 -2.122716233134269714e-02 1.849301159381866455e-01 -2.572140693664550781e-01 -2.448637783527374268e-01 2.362147159874439240e-02 -1.758738160133361816e-01 -1.839318871498107910e-01 1.581382155418395996e-01
1.491401493549346924e-01 -1.146373897790908813e-01 2.368602603673934937e-01 -3.616259396076202393e-01 -8.290197700262069702e-03 1.265696287155151367e-01 2.675719261169433594e-01 -4.255801439285278320e-02 1.511616557836532593e-01 -2.476194314658641815e-02 1.486895140260457993e-02 1.250123977661132812e-01 2.025406248867511749e-02 1.187029406428337097e-01 2.601501718163490295e-02 -3.692544251680374146e-02
1.287301182746887207e-01 2.938631772994995117e-01 8.456063270568847656e-02 -1.483113169670104980e-01 4.687004163861274719e-02 -1.814715862274169922e-01 -1.012176945805549622e-01 1.191879138350486755e-01 -4.136695861816406250e-01 -3.077166676521301270e-01 2.885719537734985352e-01 1.905435025691986084e-01 1.603949666023254395e-01 6.807532161474227905e-02 -4.000846147537231445e-01 2.088941633701324463e-01
1.839394867420196533e-01 3.306646645069122314e-01 1.760432720184326172e-01 1.239108219742774963e-01 5.511670932173728943e-02 -3.309257626533508301e-01 4.845366775989532471e-01 -2.327280193567276001e-01 -2.759350538253784180e-01 -3.084211349487304688e-01 -2.087411135435104370e-01 -3.646803796291351318e-01 -1.343366950750350952e-01 -1.884558051824569702e-01 -4.251547902822494507e-02 1.355104893445968628e-01
2.987930476665496826e-01 1.792700141668319702e-01 4.196852743625640869e-01 1.078258380293846130e-01 1.971841752529144287e-01 -5.739461183547973633e-01 7.378884553909301758e-01 -2.060163468122482300e-01 -1.273788660764694214e-01 -3.202381432056427002e-01 -4.111075103282928467e-01 -7.095775604248046875e-01 -2.719072997570037842e-02 -2.585870325565338135e-01 -5.156585574150085449e-02 -6.584737449884414673e-02
2.139533907175064087e-01 1.991271525621414185e-01 -1.189164742827415466e-01 -2.629289031028747559e-01 -1.224529743194580078e-01 9.413214027881622314e-02 -1.455360800027847290e-01 1.076245680451393127e-01 -1.218582540750503540e-01 -3.498287871479988098e-02 5.586550384759902954e-02 1.886122673749923706e-01 7.929190248250961304e-02 2.154950201511383057e-01 2.639633715152740479e-01 1.717625409364700317e-01
-6.016009300947189331e-02 -6.527560949325561523e-02 2.533938586711883545e-01 3.091605007648468018e-01 5.306877195835113525e-02 3.384234011173248291e-02 2.976720333099365234e-01 -2.164673293009400368e-03 1.115177571773529053e-01 -2.102697640657424927e-01 3.915678337216377258e-02 -4.754561781883239746e-01 -5.931184068322181702e-02 6.427149474620819092e-02 -4.818229004740715027e-02 1.816628277301788330e-01
5.032712966203689575e-02 2.976776361465454102e-01 -8.371383696794509888e-02 -1.082104817032814026e-01 1.749178469181060791e-01 -1.272479593753814697e-01 -2.755561172962188721e-01 -1.236042156815528870e-01 1.209507659077644348e-01 -2.451152354478836060e-01 -5.142609402537345886e-02 2.720154523849487305e-01 -1.581269949674606323e-01 1.773095317184925079e-02 1.144317314028739929e-01 1.238032011315226555e-03
1.674196273088455200e-01 2.656827569007873535e-01 -2.275015227496623993e-02 -2.400151044130325317e-01 3.452736884355545044e-02 -3.745931759476661682e-02 -4.503267407417297363e-01 2.504234015941619873e-01 1.641914695501327515e-01 1.605774313211441040e-01 1.740305423736572266e-01 4.252512753009796143e-01 1.175987571477890015e-01 5.057737231254577637e-02 3.682512789964675903e-02 8.754986524581909180e-02
3.203854858875274658e-01 1.933222711086273193e-01 -1.526321619749069214e-01 -3.357415199279785156e-01 -1.812373846769332886e-01 8.960741013288497925e-02 -4.011990129947662354e-01 2.911006286740303040e-02 -1.083521097898483276e-01 -1.484486013650894165e-01 -4.323636740446090698e-02 3.342431485652923584e-01 -1.700719594955444336e-01 2.432280927896499634e-01 7.159163802862167358e-02 -4.076740890741348267e-02
-1.586856991052627563e-01 -3.804011270403862000e-02 2.485480606555938721e-01 3.234115839004516602e-01 -1.463715732097625732e-01 -1.306670457124710083e-01 3.509703874588012695e-01 -1.755656488239765167e-02 2.563385069370269775e-01 1.623487174510955811e-01 9.459960274398326874e-03 -2.819350063800811768e-01 -1.298619955778121948e-01 -2.246710360050201416e-01 -3.496848344802856445e-01 1.180700659751892090e-01
7.967863976955413818e-02 2.448790073394775391e-01 -5.022001266479492188e-01 4.571489617228507996e-02 -3.534436598420143127e-02 -2.460089176893234253e-01 -2.311231344938278198e-01 -2.482079416513442993e-01 -1.050414592027664185e-01 2.644894458353519440e-02 1.502134501934051514e-01 1.398157775402069092e-01 -1.312430799007415771e-01 -1.736136525869369507e-02 -9.843692183494567871e-03 -1.145890355110168457e-02
-1.397518441081047058e-02 2.197350412607192993e-01 -2.442060597240924835e-02 -1.683098971843719482e-01 -1.966122686862945557e-01 2.797280624508857727e-02 -1.363591104745864868e-01 2.392600774765014648e-01 1.071181371808052063e-01 1.402722001075744629e-01 4.694161936640739441e-02 4.814772009849548340e-01 -1.085893884301185608e-01 2.062810659408569336e-01 2.377171516418457031e-01 1.834124326705932617e-01
7.707542739808559418e-03 -2.668773829936981201e-01 7.867702841758728027e-02 2.909302115440368652e-01 -3.063361532986164093e-02 1.096558105200529099e-02 4.930047988891601562e-01 6.807489693164825439e-02 1.412182748317718506e-01 5.697236582636833191e-02 -4.310959950089454651e-02 -1.091501116752624512e-01 8.900444209575653076e-02 -1.704586148262023926e-01 -1.995745114982128143e-02 6.263235956430435181e-02
-1.973655670881271362e-01 1.106725335121154785e-01 4.177476763725280762e-01 -1.104721799492835999e-01 -1.652048379182815552e-01 -3.075772523880004883e-01 8.573030233383178711e-01 -3.793824464082717896e-02 7.965535670518875122e-02 -4.214451313018798828e-01 -8.872888237237930298e-02 -5.200970172882080078e-01 -1.838800869882106781e-02 -2.236869782209396362e-01 -3.180445171892642975e-03 6.948882341384887695e-02
1.425287574529647827e-01 -4.249832034111022949e-01 -2.453325390815734863e-01 4.789463430643081665e-02 -1.004326418042182922e-01 -1.340694874525070190e-01 -1.800622344017028809e-01 -2.267113327980041504e-01 1.009933277964591980e-01 4.033608436584472656e-01 -2.637538015842437744e-01 -1.873925179243087769e-01 1.024266630411148071e-01 5.722770094871520996e-02 5.883968248963356018e-02 4.894380271434783936e-02
-3.002802096307277679e-02 5.339364707469940186e-02 1.334504485130310059e-01 -2.317066537216305733e-03 1.538578122854232788e-01 -4.551313519477844238e-01 6.864394545555114746e-01 -1.699687242507934570e-01 -8.717866986989974976e-02 -3.547057211399078369e-01 2.712326683104038239e-02 -1.780493855476379395e-01 -9.830030053853988647e-02 -4.297378938645124435e-03 -2.480001002550125122e-02 -1.023434028029441833e-01
-2.880970239639282227e-01 -1.813075691461563110e-02 1.058775931596755981e-01 3.297233581542968750e-01 1.429990231990814209e-01 1.441853195428848267e-01 2.059399187564849854e-01 -1.034759916365146637e-02 -9.788236021995544434e-02 9.918121993541717529e-02 9.868314117193222046e-02 -1.536730080842971802e-01 7.884548045694828033e-03 -1.924119740724563599e-01 -1.564205437898635864e-01 1.477636694908142090e-01
4.043957591056823730e-01 -1.541934609413146973e-01 2.947440147399902344e-01 -5.382236838340759277e-01 -6.674083322286605835e-02 -2.311675846576690674e-01 -2.031478136777877808e-01 -1.999414758756756783e-03 -4.612605273723602295e-02 4.729569889605045319e-03 -2.578435242176055908e-01 2.115360945463180542e-01 -1.235709190368652344e-01 -1.086456626653671265e-01 3.622453808784484863e-01 9.242862462997436523e-02
-1.596986204385757446e-01 -1.389355361461639404e-01 1.232650037854909897e-02 3.263008594512939453e-01 -4.104456678032875061e-02 -1.402285993099212646e-01 1.283211261034011841e-01 -4.696789383888244629e-02 1.058667600154876709e-01 3.049381077289581299e-01 -3.277786076068878174e-01 -2.862519323825836182e-01 -2.261574380099773407e-03 7.853209972381591797e-02 -2.141944020986557007e-01 -1.065305769443511963e-01
-2.008627057075500488e-01 -2.771793007850646973e-01 1.884702891111373901e-01 3.309997618198394775e-01 1.756586134433746338e-01 -7.826325297355651855e-02 5.673377513885498047e-01 1.791514083743095398e-02 -1.694063693284988403e-01 -1.045081689953804016e-01 -3.091109171509742737e-02 -8.204519748687744141e-02 -2.524712681770324707e-02 1.932801119983196259e-02 -1.325417160987854004e-01 -1.454235799610614777e-02
2.395672053098678589e-01 6.863301247358322144e-02 -1.280966848134994507e-01 -4.557066857814788818e-01 -1.105303987860679626e-01 7.060664892196655273e-02 -3.598086833953857422e-01 1.464038342237472534e-01 -2.373117208480834961e-01 1.163616999983787537e-01 -1.170979738235473633e-01 4.507395923137664795e-01 -1.880883425474166870e-01 1.552440458908677101e-03 1.743312329053878784e-01 -1.749844998121261597e-01
1.573017239570617676e-01 2.338255345821380615e-01 2.304459735751152039e-02 -1.059563010931015015e-01 9.312473982572555542e-02 -2.445078641176223755e-02 -3.824532330036163330e-01 -8.786591887474060059e-02 -1.524418145418167114e-01 4.108478501439094543e-02 3.136875033378601074e-01 3.963512480258941650e-01 -2.148004919290542603e-01 1.801269128918647766e-02 1.400343477725982666e-01 2.674851939082145691e-02
1.118279099464416504e-01 1.538231223821640015e-01 -2.455147504806518555e-01 -3.506545722484588623e-01 -1.542621105909347534e-02 1.400695294141769409e-01 -5.285699963569641113e-01 1.458552032709121704e-01 -1.797567307949066162e-01 8.537659794092178345e-02 2.990680038928985596e-01 4.215355515480041504e-01 4.348444566130638123e-02 1.588360369205474854e-01 1.434807628393173218e-01 -1.652882248163223267e-02
1.750348061323165894e-01 1.972853988409042358e-01 -4.064945578575134277e-01 -1.276389211416244507e-01 2.106547541916370392e-02 -2.135093659162521362e-01 -6.351845860481262207e-01 -1.013606134802103043e-02 5.382611975073814392e-02 2.514678835868835449e-01 -6.623630970716476440e-02 4.281875193119049072e-01 -1.801595091819763184e-01 2.845195680856704712e-02 3.826070576906204224e-03 7.977654784917831421e-02
-2.232180237770080566e-01 -1.857930570840835571e-01 1.467248797416687012e-01 2.487603127956390381e-01 -8.502301760017871857e-03 2.297204174101352692e-02 -1.902440041303634644e-01 -2.090467214584350586e-01 -1.242547556757926941e-01 1.290274262428283691e-01 1.865795403718948364e-01 8.939040708355605602e-04 -5.575399845838546753e-03 -1.891256868839263916e-01 -2.372319251298904419e-01 -6.632170826196670532e-02
5.708319321274757385e-02 -9.798911213874816895e-02 2.772958576679229736e-01 1.178704947233200073e-01 -5.798437446355819702e-02 -1.643667370080947876e-01 1.116492375731468201e-01 -1.855286508798599243e-01 -1.629182323813438416e-02 -2.976486384868621826e-01 -9.161308407783508301e-03 -5.525950714945793152e-02 1.229117661714553833e-01 -9.233985841274261475e-02 -3.664254909381270409e-03 2.749299444258213043e-02
1.144321411848068237e-01 2.818916738033294678e-01 -3.592912554740905762e-01 9.026944637298583984e-02 -1.224141344428062439e-01 -5.516971275210380554e-02 -5.218150019645690918e-01 -2.249462455511093140e-01 -3.398014307022094727e-01 4.272663220763206482e-02 -6.382432579994201660e-02 3.034169971942901611e-01 -1.953521668910980225e-01 1.532861739397048950e-01 -4.986860975623130798e-02 1.142207160592079163e-01
1.157856136560440063e-01 1.194899752736091614e-01 1.018863022327423096e-01 -1.378714144229888916e-01 8.761242777109146118e-02 -9.968442469835281372e-02 -1.960975304245948792e-02 1.637627743184566498e-02 -2.267237380146980286e-02 -1.266566812992095947e-01 2.303071022033691406e-01 -1.001824508421123028e-03 -4.549029096961021423e-02 -1.518386881798505783e-02 1.314813047647476196e-01 -6.820135563611984253e-02
2.538641095161437988e-01 2.179288566112518311e-01 2.405414171516895294e-02 -1.748812943696975708e-01 -1.667841076850891113e-01 4.940449725836515427e-03 -2.355241924524307251e-01 1.459423303604125977e-01 -1.502799689769744873e-01 -1.395072489976882935e-01 1.205219998955726624e-01 1.305195838212966919e-01 -1.883412897586822510e-01 -1.379019170999526978e-01 -2.001721709966659546e-01 -3.155867755413055420e-02
-2.485012412071228027e-01 -6.696241348981857300e-02 1.147785484790802002e-01 1.364122182130813599e-01 6.091188639402389526e-02 -5.755668878555297852e-02 2.750135213136672974e-02 -3.029063940048217773e-01 -1.989271789789199829e-01 3.904828056693077087e-02 5.595061928033828735e-02 -3.344500362873077393e-01 -1.464532017707824707e-01 -1.029557362198829651e-01 3.797383978962898254e-02 2.269089408218860626e-02
5.540238320827484131e-02 -2.088477611541748047e-01 -7.777529209852218628e-02 -4.820615351200103760e-01 -6.699954159557819366e-03 3.537525981664657593e-02 -4.010154306888580322e-01 -3.373699262738227844e-02 -2.754402458667755127e-01 1.052857339382171631e-01 -5.230814814567565918e-01 1.146412417292594910e-01 6.055216491222381592e-02 2.474919110536575317e-01 4.026639461517333984e-01 -1.463432982563972473e-02
-1.036883965134620667e-01 -2.686510682106018066e-01 2.514278888702392578e-01 3.012007176876068115e-01 1.240726709365844727e-01 2.054387629032135010e-01 3.477993607521057129e-01 -1.510782837867736816e-01 1.376704275608062744e-01 2.265493720769882202e-01 -1.462033838033676147e-01 -3.060970008373260498e-01 1.657060384750366211e-01 -2.527840435504913330e-01 -1.736826263368129730e-02 -1.358107030391693115e-01
-8.939275145530700684e-02 -2.477406114339828491e-01 2.021641731262207031e-01 -1.834604591131210327e-01 1.707011908292770386e-01 1.939988285303115845e-01 1.242641806602478027e-01 2.050280421972274780e-01 4.489689767360687256e-01 7.070270180702209473e-02 1.232560202479362488e-01 8.818671852350234985e-02 1.325379461050033569e-01 1.134325265884399414e-01 2.060646563768386841e-01 5.248953774571418762e-02
-5.625926423817873001e-03 2.605195641517639160e-01 -6.753123551607131958e-02 2.756779491901397705e-01 2.895454131066799164e-02 -2.917670309543609619e-01 3.100039958953857422e-01 -1.355745047330856323e-01 -3.628067374229431152e-01 -1.777498573064804077e-01 -1.094614788889884949e-01 -9.425471723079681396e-02 1.526406258344650269e-01 -7.208966463804244995e-02 -7.829293608665466309e-03 2.095197439193725586e-01
-1.659043282270431519e-01 -2.301222532987594604e-01 1.568140536546707153e-01 3.219646215438842773e-01 1.784341484308242798e-01 -8.186539262533187866e-02 3.911118805408477783e-01 -1.132317185401916504e-01 1.598439663648605347e-01 -2.115015406161546707e-03 -1.980127245187759399e-01 -8.697966486215591431e-02 2.595977485179901123e-01 -3.741829423233866692e-03 -1.633492708206176758e-01 1.890109293162822723e-02
-2.461695969104766846e-01 -3.352338671684265137e-01 -6.022050380706787109e-01 2.453047335147857666e-01 2.617450244724750519e-02 2.842540107667446136e-02 -7.180978059768676758e-01 -2.303122170269489288e-02 -1.578396856784820557e-01 4.388130307197570801e-01 -2.204606980085372925e-01 -3.056505881249904633e-02 8.391124010086059570e-02 -6.138297170400619507e-02 1.237584948539733887e-01 -1.924430429935455322e-01
-2.231131792068481445e-01 6.316793709993362427e-02 4.614111185073852539e-01 2.064629346132278442e-01 -1.435699760913848877e-01 -1.260280311107635498e-01 7.305292487144470215e-01 1.416348814964294434e-01 1.155232638120651245e-01 -2.174904048442840576e-01 -2.513630092144012451e-01 -3.596197068691253662e-01 3.335098177194595337e-02 -2.477103173732757568e-01 1.083273291587829590e-01 2.408953383564949036e-02
-3.403597474098205566e-01 -1.165487542748451233e-01 -4.721187353134155273e-01 2.113983482122421265e-01 1.637063175439834595e-01 1.165220513939857483e-01 -6.566682457923889160e-01 -2.188658863306045532e-01 4.016519815195351839e-04 2.819367051124572754e-01 6.096180900931358337e-02 1.235808953642845154e-01 -6.859984248876571655e-02 1.609220653772354126e-01 3.449093177914619446e-02 -1.178495213389396667e-01
-4.114465042948722839e-02 -9.049203991889953613e-02 2.675878703594207764e-01 1.667504906654357910e-01 -9.007697552442550659e-02 6.978807598352432251e-02 3.811533153057098389e-01 6.727758049964904785e-02 3.037458956241607666e-01 -1.028325781226158142e-02 -9.645587205886840820e-02 -3.301040530204772949e-01 2.863257937133312225e-02 -1.517693549394607544e-01 1.528719961643218994e-01 -7.158391922712326050e-02
1.261429488658905029e-01 4.727768898010253906e-01 9.916170686483383179e-02 -1.856836527585983276e-01 -5.482064187526702881e-02 -2.713541686534881592e-01 4.637978971004486084e-01 -9.778806567192077637e-02 1.840814948081970215e-01 -1.118021309375762939e-01 3.425165414810180664e-01 6.643033772706985474e-02 -1.223975047469139099e-01 -1.442731469869613647e-01 -1.891726255416870117e-01 1.520964652299880981e-01
-2.395355142652988434e-02 -2.266481369733810425e-01 -3.946012258529663086e-02 2.532899379730224609e-01 1.991999149322509766e-01 2.072695642709732056e-01 3.321017324924468994e-01 2.143284082412719727e-01 -1.257072091102600098e-01 -1.387251019477844238e-01 -2.339104861021041870e-01 -5.156474113464355469e-01 1.325075328350067139e-01 -8.006304502487182617e-02 -1.348155736923217773e-01 -9.447440505027770996e-02
-2.913133502006530762e-01 -2.756584286689758301e-01 2.174975126981735229e-01 2.106008678674697876e-01 9.297830611467361450e-02 2.498245239257812500e-01 3.277066349983215332e-01 -3.820245712995529175e-02 -1.093962267041206360e-01 -1.235113944858312607e-02 -2.952666580677032471e-01 -9.859608858823776245e-02 -1.048875004053115845e-01 -1.918260008096694946e-01 -9.354345500469207764e-02 -2.051506191492080688e-02
-1.425645649433135986e-01 -1.844103098846971989e-03 2.818386852741241455e-01 6.134814769029617310e-02 -1.603643447160720825e-01 1.374017596244812012e-01 7.119916677474975586e-01 4.500375315546989441e-02 -2.280005626380443573e-02 4.586677625775337219e-02 -2.605223059654235840e-01 -1.809071153402328491e-01 1.878514289855957031e-01 -1.172229945659637451e-01 7.402920722961425781e-02 1.992115378379821777e-01
3.547604382038116455e-01 2.876123785972595215e-01 -6.863114237785339355e-02 -4.538197517395019531e-01 7.334867119789123535e-02 -4.988504201173782349e-02 -3.546758294105529785e-01 3.224180340766906738e-01 4.330655932426452637e-02 -1.518391966819763184e-01 3.303731083869934082e-01 1.211772039532661438e-01 -8.370285481214523315e-02 -1.244621630758047104e-02 1.674425899982452393e-01 5.313227325677871704e-02
2.938389480113983154e-01 4.638233780860900879e-01 1.833571344614028931e-01 3.715505450963973999e-02 2.118751853704452515e-01 -1.530634462833404541e-01 7.640054225921630859e-01 9.107779711484909058e-02 2.676675319671630859e-01 -5.533473491668701172e-01 4.258882403373718262e-01 -1.752657145261764526e-01 -4.004028812050819397e-02 -1.433221250772476196e-01 7.052643597126007080e-02 4.521866515278816223e-02
5.520519986748695374e-02 2.459084987640380859e-01 9.665730595588684082e-02 -3.337812423706054688e-01 4.530222713947296143e-02 -1.332241445779800415e-01 2.890981137752532959e-01 -1.738368868827819824e-01 -1.199271380901336670e-01 4.066552966833114624e-02 4.096195474267005920e-02 3.668596446514129639e-01 -2.176598906517028809e-01 2.679766118526458740e-01 1.468019485473632812e-01 -2.066525518894195557e-01
-1.690284162759780884e-01 -1.378443688154220581e-01 4.128430783748626709e-01 -6.553918868303298950e-02 -1.137184277176856995e-01 -3.865730762481689453e-02 6.596425771713256836e-01 -1.107016801834106445e-01 2.175410687923431396e-01 -1.493389010429382324e-01 -1.036278456449508667e-01 -4.027025997638702393e-01 -3.946556895971298218e-02 1.142312139272689819e-01 8.492653816938400269e-02 9.382119029760360718e-02
-1.903262548148632050e-02 -2.687816619873046875e-01 2.375077456235885620e-01 -9.525037370622158051e-03 -9.247801452875137329e-02 -5.314795672893524170e-02 4.198768734931945801e-01 -4.332673735916614532e-03 7.436965405941009521e-02 6.061340123414993286e-02 -2.577375471591949463e-01 -3.762263357639312744e-01 -1.128627955913543701e-01 -7.413367182016372681e-02 -1.885880380868911743e-01 -1.575076729059219360e-01
2.558116614818572998e-01 1.354512870311737061e-01 -1.505212336778640747e-01 -1.618283092975616455e-01 -1.849655807018280029e-01 -2.841916978359222412e-01 -3.385100066661834717e-01 2.081674784421920776e-01 -1.615392714738845825e-01 6.852071732282638550e-02 -1.391756683588027954e-01 1.877626478672027588e-01 9.959510713815689087e-02 -8.831335231661796570e-03 1.390660852193832397e-01 9.571449458599090576e-02
7.554879039525985718e-02 -4.977091401815414429e-02 2.540743350982666016e-01 -3.829129412770271301e-02 1.722363233566284180e-01 1.174167171120643616e-01 2.594672441482543945e-01 -8.995555341243743896e-02 2.241940498352050781e-01 9.316473454236984253e-02 -1.967433243989944458e-01 -1.737810671329498291e-01 -3.103987313807010651e-02 1.275124549865722656e-01 -2.166428416967391968e-01 -8.709439635276794434e-02
-2.619687467813491821e-02 -3.238642811775207520e-01 -6.164816021919250488e-02 -2.019106596708297729e-01 1.636111922562122345e-02 2.992801666259765625e-01 4.784752056002616882e-02 4.072933495044708252e-01 3.183721899986267090e-01 1.988331228494644165e-01 2.350070923566818237e-01 -6.090944260358810425e-02 -2.659697271883487701e-02 -5.290451273322105408e-02 4.043798148632049561e-01 -2.047940045595169067e-01
1.523808389902114868e-01 2.661934494972229004e-02 3.478251099586486816e-01 -3.437115252017974854e-01 3.283855738118290901e-03 -2.234851270914077759e-01 3.887437582015991211e-01 1.597445905208587646e-01 7.759907096624374390e-02 -5.934503674507141113e-02 1.537560075521469116e-01 -7.356113195419311523e-02 1.138145104050636292e-01 -6.535557657480239868e-02 1.348619461059570312e-01 9.982497245073318481e-02
-1.734941005706787109e-01 -2.882177233695983887e-01 1.835918724536895752e-01 8.708582073450088501e-02 -1.324234753847122192e-01 1.634314209222793579e-01 8.262979239225387573e-02 -6.104265153408050537e-02 -8.025045692920684814e-02 2.031411975622177124e-01 -1.334118545055389404e-01 -1.918030828237533569e-01 1.408160626888275146e-01 1.115412190556526184e-01 -1.377056837081909180e-01 1.479644477367401123e-01
2.524369210004806519e-02 -5.067621544003486633e-02 1.310992538928985596e-01 1.027037426829338074e-01 1.785930097103118896e-01 8.160277456045150757e-02 6.131145358085632324e-01 -1.367942839860916138e-01 1.945724524557590485e-02 1.591453474247828126e-04 -2.143777906894683838e-01 -3.934898972511291504e-01 -1.292629241943359375e-01 -1.935355514287948608e-01 -1.058666408061981201e-01 -3.691076487302780151e-02
-1.623268127441406250e-01 -1.637310385704040527e-01 -9.505791962146759033e-02 1.383309960365295410e-01 1.973672211170196533e-02 5.677874088287353516e-01 -7.799752950668334961e-01 -2.001891881227493286e-01 8.905291557312011719e-02 4.919738471508026123e-01 -2.843706309795379639e-01 6.704066395759582520e-01 1.500883996486663818e-01 1.297102421522140503e-01 -4.615193977952003479e-02 -8.325384557247161865e-02
-1.642320007085800171e-01 -1.681532710790634155e-01 -1.425933241844177246e-01 1.132426932454109192e-01 1.046359166502952576e-01 6.062754429876804352e-03 5.346093773841857910e-01 2.244316041469573975e-02 -1.361567974090576172e-01 -8.625977486371994019e-02 -2.072195857763290405e-01 -2.798447608947753906e-01 1.817419193685054779e-02 -7.980722934007644653e-02 -3.365873694419860840e-01 1.666437238454818726e-01
1.798867434263229370e-01 6.790371984243392944e-02 -4.287487268447875977e-01 2.376831881701946259e-02 -8.324923366308212280e-02 1.264913529157638550e-01 -6.148064136505126953e-01 -2.960557043552398682e-01 -4.146347343921661377e-01 -3.349959477782249451e-02 -2.208030410110950470e-02 3.403729796409606934e-01 -7.764968276023864746e-02 5.541189387440681458e-02 1.471178978681564331e-01 1.286652982234954834e-01
-1.033973097801208496e-01 -3.135719597339630127e-01 -1.125467717647552490e-01 1.419242173433303833e-01 1.565729454159736633e-02 2.555530965328216553e-01 -3.008402585983276367e-01 -1.138821691274642944e-01 4.372830390930175781e-01 1.389144062995910645e-01 -5.129582062363624573e-02 7.306830585002899170e-02 1.258247345685958862e-01 -9.821841120719909668e-02 2.543347179889678955e-01 -6.820703297853469849e-02
4.072166979312896729e-02 7.740166969597339630e-03 -8.766505867242813110e-02 -6.758428364992141724e-02 -2.214810550212860107e-01 -5.943541228771209717e-02 1.472126841545104980e-01 -2.873041629791259766e-01 1.770473122596740723e-01 1.252971291542053223e-01 -1.589422225952148438e-01 -1.330878287553787231e-01 1.362757235765457153e-01 -1.085349842905998230e-01 -8.479693531990051270e-02 -1.708585768938064575e-01
-5.335782188922166824e-03 -1.830920577049255371e-02 1.087006554007530212e-01 3.839088603854179382e-02 7.277723401784896851e-02 6.932401657104492188e-02 -6.004601344466209412e-02 -2.678064107894897461e-01 -1.456248313188552856e-01 -3.508817777037620544e-02 -2.463162876665592194e-02 1.290175169706344604e-01 -1.295349597930908203e-01 3.125789016485214233e-02 -1.919096857309341431e-01 -5.084943771362304688e-02
1.287093460559844971e-01 -3.883713781833648682e-01 8.415389060974121094e-02 -7.447047531604766846e-02 7.513792812824249268e-02 -2.440336942672729492e-01 -5.742135271430015564e-02 2.408126182854175568e-02 6.199025735259056091e-02 -3.270273655652999878e-02 1.200777217745780945e-01 -4.213435053825378418e-01 -4.857420176267623901e-02 -2.446100711822509766e-01 1.905168592929840088e-02 -1.036018207669258118e-01
1.125373840332031250e-01 8.069594502449035645e-01 2.478301376104354858e-01 1.922046579420566559e-02 -2.398884482681751251e-02 1.887962520122528076e-01 -3.313244283199310303e-01 -3.320467472076416016e-01 -2.825282812118530273e-01 9.853893518447875977e-02 1.597353219985961914e-01 4.655593931674957275e-01 1.137044131755828857e-01 2.230277806520462036e-01 7.070308178663253784e-02 3.772595524787902832e-02
-6.424023956060409546e-02 5.696182698011398315e-02 1.185220628976821899e-01 2.831845581531524658e-01 -8.816278725862503052e-02 1.125748530030250549e-01 -1.341086179018020630e-01 1.308869570493698120e-01 -9.175009280443191528e-02 -2.502327859401702881e-01 2.510383725166320801e-01 -1.136611998081207275e-01 -1.637247502803802490e-01 2.771152369678020477e-02 4.994533583521842957e-02 -1.414278149604797363e-01
-8.428916335105895996e-02 5.729686468839645386e-02 1.233195886015892029e-01 5.624123290181159973e-02 -1.686302423477172852e-01 -9.461771696805953979e-02 -1.085512638092041016e-01 7.341016829013824463e-02 6.560733914375305176e-02 2.889036200940608978e-02 3.515757247805595398e-02 1.343594789505004883e-01 -1.957297772169113159e-01 -3.948079794645309448e-02 1.124690473079681396e-01 3.530443459749221802e-02
2.738264799118041992e-01 -3.076602332293987274e-02 2.244357950985431671e-03 9.970556944608688354e-02 5.975264683365821838e-02 2.953805923461914062e-01 -2.347436547279357910e-01 -3.105273842811584473e-01 1.886424720287322998e-01 -1.593658030033111572e-01 -8.896580338478088379e-02 1.417957693338394165e-01 -2.394962906837463379e-01 -1.244457140564918518e-01 1.676237434148788452e-01 1.783494651317596436e-02
9.338824450969696045e-02 1.249675676226615906e-01 1.513638049364089966e-01 2.348417341709136963e-01 -2.070655226707458496e-01 -1.509639322757720947e-01 -1.491543501615524292e-01 -2.113781273365020752e-01 1.219103038311004639e-01 1.543273925781250000e-01 1.490976065397262573e-01 -1.342171132564544678e-01 -1.469129323959350586e-01 -2.327717840671539307e-01 -1.605980470776557922e-02 -7.363579422235488892e-02
