-1.065181791782379150e-01
-6.654601544141769409e-02
-2.313381880521774292e-01
-2.125474363565444946e-01
-4.440605267882347107e-02
-2.005312144756317139e-01
-1.375161707401275635e-01
1.045508384704589844e-01
-1.794640570878982544e-01
-1.047122552990913391e-01
-6.372612714767456055e-02
-2.596497163176536560e-02
9.025552868843078613e-02
-9.156917221844196320e-03
-1.728872209787368774e-01
-3.470676392316818237e-02
-1.100820899009704590e-01
2.910400629043579102e-01
-2.263100892305374146e-01
-1.456734091043472290e-01
-5.479175969958305359e-02
-1.085139289498329163e-01
-1.055768355727195740e-01
4.614827409386634827e-02
-7.383043318986892700e-02
-1.018128842115402222e-01
2.506166882812976837e-02
-1.334700435400009155e-01
-1.904679983854293823e-01
-2.664715647697448730e-01
-6.510660052299499512e-02
-2.019660621881484985e-01
-8.706238120794296265e-02
2.417156100273132324e-01
-1.497089266777038574e-01
-1.313896328210830688e-01
-1.827035993337631226e-01
-1.781633943319320679e-01
4.322069138288497925e-02
-1.289127618074417114e-01
-3.914540112018585205e-01
-3.027388593181967735e-03
-1.699455231428146362e-01
-8.912847936153411865e-02
-1.134066283702850342e-02
3.198644220829010010e-01
-1.178036630153656006e-01
-1.390830129384994507e-01
-9.057978540658950806e-02
1.242082342505455017e-01
-1.850450932979583740e-01
-8.371467143297195435e-02
-1.476795971393585205e-01
6.033398583531379700e-02
-3.208588659763336182e-01
-1.147962436079978943e-01
-1.594021171331405640e-02
9.680608659982681274e-02
-1.950519159436225891e-02
-1.275402903556823730e-01
-1.465062499046325684e-01
-1.092113405466079712e-01
-1.834839880466461182e-01
9.557567536830902100e-02
9.730787873268127441e-01
1.129853487014770508e+00
7.874361872673034668e-01
7.842023372650146484e-01
8.326743245124816895e-01
9.147384762763977051e-01
1.011366605758666992e+00
1.057356119155883789e+00
9.870952963829040527e-01
8.653799295425415039e-01
1.095552206039428711e+00
1.012867808341979980e+00
1.217239499092102051e+00
1.114941596984863281e+00
9.162359237670898438e-01
1.045090913772583008e+00
1.006732463836669922e+00
1.071629762649536133e+00
8.305711746215820312e-01
9.501816630363464355e-01
1.064798355102539062e+00
9.557025432586669922e-01
1.051058053970336914e+00
1.043670892715454102e+00
9.359530806541442871e-01
1.039021253585815430e+00
1.058065176010131836e+00
9.795701503753662109e-01
9.057120084762573242e-01
8.809073567390441895e-01
1.034329533576965332e+00
9.298707246780395508e-01
1.103127002716064453e+00
1.249496698379516602e+00
9.199004173278808594e-01
9.987454414367675781e-01
8.564469814300537109e-01
1.085094332695007324e+00
1.233588576316833496e+00
9.918927550315856934e-01
6.146044731140136719e-01
9.448623061180114746e-01
9.798927903175354004e-01
1.033912897109985352e+00
1.011715412139892578e+00
1.046055793762207031e+00
9.671528935432434082e-01
1.217201232910156250e+00
9.460962414741516113e-01
9.011107087135314941e-01
9.190347790718078613e-01
1.031084179878234863e+00
9.435292482376098633e-01
1.075401663780212402e+00
8.311706185340881348e-01
9.321651458740234375e-01
1.170874118804931641e+00
8.821097612380981445e-01
9.882490038871765137e-01
1.027602195739746094e+00
8.117400407791137695e-01
1.125033736228942871e+00
9.224374890327453613e-01
1.121940493583679199e+00
-1.012676209211349487e-01
-8.493176661431789398e-03
4.178914800286293030e-02
-8.566566742956638336e-03
-2.314420789480209351e-02
1.033864635974168777e-02
3.593404963612556458e-02
-3.498410433530807495e-02
-3.647091612219810486e-02
1.968723535537719727e-02
-1.421150118112564087e-01
-5.097427219152450562e-02
6.015061214566230774e-02
2.992060966789722443e-02
2.303823642432689667e-02
-5.996708944439888000e-02
-9.926931001245975494e-03
-7.736484706401824951e-02
3.895967081189155579e-02
1.368914693593978882e-01
-9.484523534774780273e-02
-2.071349136531352997e-02
1.170332822948694229e-02
-5.763674154877662659e-03
4.400201141834259033e-02
-2.879248466342687607e-03
4.213578067719936371e-03
-3.709757700562477112e-02
1.745199970901012421e-02
-1.950383745133876801e-02
1.274183094501495361e-01
6.867810618132352829e-03
2.510577440261840820e-02
-1.509365439414978027e-01
-4.177690669894218445e-02
-7.269212603569030762e-02
9.620782732963562012e-02
2.993644960224628448e-02
-2.350827306509017944e-02
-5.421718209981918335e-02
4.129939712584018707e-03
-1.950791478157043457e-02
-7.103598117828369141e-02
-2.728623710572719574e-02
-4.067167267203330994e-02
-8.748262189328670502e-03
-3.516809269785881042e-02
-5.195348057895898819e-03
-1.941408403217792511e-02
-3.647223487496376038e-02
4.298970848321914673e-02
1.310434341430664062e-01
3.303799405694007874e-02
-4.398096725344657898e-02
-5.431223195046186447e-03
4.373627901077270508e-02
9.290916472673416138e-02
-3.745801979675889015e-03
6.075578741729259491e-03
6.586328614503145218e-03
-3.837909549474716187e-02
-8.549631573259830475e-03
-2.527785673737525940e-02
2.443822100758552551e-03
3.062188923358917236e-01
9.351464919745922089e-03
-6.264334917068481445e-02
-3.789453804492950439e-01
-3.534401953220367432e-02
-3.732925280928611755e-02
-1.005253866314888000e-01
-4.118055477738380432e-02
3.351614251732826233e-02
3.558895289897918701e-01
1.907906383275985718e-01
-1.765025556087493896e-01
-9.747665375471115112e-02
-2.628282830119132996e-02
2.733885347843170166e-01
-7.352650165557861328e-02
-2.055160105228424072e-01
-7.360260933637619019e-02
-3.597194701433181763e-02
1.257323771715164185e-01
9.560956805944442749e-02
-1.408240497112274170e-01
2.718996107578277588e-01
-7.654225081205368042e-02
-2.005334496498107910e-01
-2.196773588657379150e-01
-8.301880955696105957e-02
-1.082543283700942993e-01
-1.492556780576705933e-01
-2.182625234127044678e-01
1.268777847290039062e-01
-1.259629726409912109e-01
-4.390881955623626709e-02
-8.000423014163970947e-02
-1.027798801660537720e-01
1.522553414106369019e-01
2.666426599025726318e-01
-4.411029443144798279e-02
-1.788075454533100128e-02
-1.220106780529022217e-01
-1.734799742698669434e-01
1.198610290884971619e-01
-4.531810060143470764e-02
-1.081270650029182434e-01
-1.830635070800781250e-01
-2.037718147039413452e-01
-2.086879462003707886e-01
-2.015280425548553467e-01
1.251876354217529297e-01
-2.073941826820373535e-01
-9.344046562910079956e-02
2.449979335069656372e-01
-1.351880133152008057e-01
-8.697468042373657227e-02
1.843794137239456177e-01
-1.125118806958198547e-01
-1.369495540857315063e-01
4.291447997093200684e-01
9.507541358470916748e-02
-8.804560452699661255e-02
-2.096772491931915283e-01
3.343613445758819580e-01
-1.488339453935623169e-01
-1.263341903686523438e-01
